(kicad_pcb (version 20171130) (host pcbnew "(5.1.10)-1")

  (general
    (thickness 1.6)
    (drawings 8)
    (tracks 255)
    (zones 0)
    (modules 51)
    (nets 39)
  )

  (page A4)
  (title_block
    (title Gmic)
    (date 2020-04-26)
    (rev V1.0)
    (company "Guillaume Guillet")
    (comment 1 "Copyright Guillaume Guillet 2022")
    (comment 2 "Licensed under CERN-OHL-W v2 or later")
  )

  (layers
    (0 F.Cu signal)
    (31 B.Cu signal)
    (32 B.Adhes user)
    (33 F.Adhes user)
    (34 B.Paste user)
    (35 F.Paste user)
    (36 B.SilkS user)
    (37 F.SilkS user)
    (38 B.Mask user)
    (39 F.Mask user)
    (40 Dwgs.User user)
    (41 Cmts.User user)
    (42 Eco1.User user)
    (43 Eco2.User user)
    (44 Edge.Cuts user)
    (45 Margin user)
    (46 B.CrtYd user)
    (47 F.CrtYd user)
    (48 B.Fab user)
    (49 F.Fab user)
  )

  (setup
    (last_trace_width 0.25)
    (trace_clearance 0.2)
    (zone_clearance 0.508)
    (zone_45_only no)
    (trace_min 0.2)
    (via_size 0.8)
    (via_drill 0.4)
    (via_min_size 0.4)
    (via_min_drill 0.3)
    (uvia_size 0.3)
    (uvia_drill 0.1)
    (uvias_allowed no)
    (uvia_min_size 0.2)
    (uvia_min_drill 0.1)
    (edge_width 0.05)
    (segment_width 0.2)
    (pcb_text_width 0.3)
    (pcb_text_size 1.5 1.5)
    (mod_edge_width 0.12)
    (mod_text_size 1 1)
    (mod_text_width 0.15)
    (pad_size 1.524 1.524)
    (pad_drill 0.762)
    (pad_to_mask_clearance 0.051)
    (solder_mask_min_width 0.25)
    (aux_axis_origin 0 0)
    (visible_elements 7FFFFFFF)
    (pcbplotparams
      (layerselection 0x010fc_ffffffff)
      (usegerberextensions false)
      (usegerberattributes false)
      (usegerberadvancedattributes false)
      (creategerberjobfile false)
      (excludeedgelayer true)
      (linewidth 0.100000)
      (plotframeref false)
      (viasonmask false)
      (mode 1)
      (useauxorigin false)
      (hpglpennumber 1)
      (hpglpenspeed 20)
      (hpglpendiameter 15.000000)
      (psnegative false)
      (psa4output false)
      (plotreference true)
      (plotvalue true)
      (plotinvisibletext false)
      (padsonsilk false)
      (subtractmaskfromsilk false)
      (outputformat 1)
      (mirror false)
      (drillshape 1)
      (scaleselection 1)
      (outputdirectory ""))
  )

  (net 0 "")
  (net 1 GND)
  (net 2 "Net-(C2-Pad2)")
  (net 3 +5V)
  (net 4 "Net-(C4-Pad2)")
  (net 5 "Net-(C5-Pad2)")
  (net 6 -5V)
  (net 7 "Net-(R10-Pad2)")
  (net 8 /AUDIO_1_IN)
  (net 9 "Net-(C1-Pad2)")
  (net 10 /AUDIO_2_IN)
  (net 11 "Net-(C3-Pad1)")
  (net 12 /AUDIO_PASS_LOW)
  (net 13 GNDA)
  (net 14 "Net-(C5-Pad1)")
  (net 15 "Net-(C6-Pad2)")
  (net 16 "Net-(C8-Pad1)")
  (net 17 "Net-(C9-Pad2)")
  (net 18 "Net-(C15-Pad1)")
  (net 19 "Net-(C15-Pad2)")
  (net 20 "Net-(J1-PadA5)")
  (net 21 "Net-(J1-PadA6)")
  (net 22 "Net-(J1-PadA7)")
  (net 23 "Net-(J1-PadA8)")
  (net 24 "Net-(J1-PadB7)")
  (net 25 "Net-(J1-PadB8)")
  (net 26 "Net-(J1-PadB5)")
  (net 27 "Net-(J1-PadB6)")
  (net 28 /AUDIO_AVERAGE)
  (net 29 "Net-(R6-Pad1)")
  (net 30 /AUDIO_PASS_HIGH)
  (net 31 "Net-(R14-Pad1)")
  (net 32 "Net-(R15-Pad1)")
  (net 33 /AUDIO_OUT)
  (net 34 "Net-(J2-Pad3)")
  (net 35 "Net-(J2-Pad10)")
  (net 36 "Net-(J2-Pad11)")
  (net 37 "Net-(C21-Pad1)")
  (net 38 "Net-(C21-Pad2)")

  (net_class Default "Ceci est la Netclass par défaut."
    (clearance 0.2)
    (trace_width 0.25)
    (via_dia 0.8)
    (via_drill 0.4)
    (uvia_dia 0.3)
    (uvia_drill 0.1)
    (add_net +5V)
    (add_net -5V)
    (add_net /AUDIO_1_IN)
    (add_net /AUDIO_2_IN)
    (add_net /AUDIO_AVERAGE)
    (add_net /AUDIO_OUT)
    (add_net /AUDIO_PASS_HIGH)
    (add_net /AUDIO_PASS_LOW)
    (add_net GND)
    (add_net GNDA)
    (add_net "Net-(C1-Pad2)")
    (add_net "Net-(C15-Pad1)")
    (add_net "Net-(C15-Pad2)")
    (add_net "Net-(C2-Pad2)")
    (add_net "Net-(C21-Pad1)")
    (add_net "Net-(C21-Pad2)")
    (add_net "Net-(C3-Pad1)")
    (add_net "Net-(C4-Pad2)")
    (add_net "Net-(C5-Pad1)")
    (add_net "Net-(C5-Pad2)")
    (add_net "Net-(C6-Pad2)")
    (add_net "Net-(C8-Pad1)")
    (add_net "Net-(C9-Pad2)")
    (add_net "Net-(J1-PadA5)")
    (add_net "Net-(J1-PadA6)")
    (add_net "Net-(J1-PadA7)")
    (add_net "Net-(J1-PadA8)")
    (add_net "Net-(J1-PadB5)")
    (add_net "Net-(J1-PadB6)")
    (add_net "Net-(J1-PadB7)")
    (add_net "Net-(J1-PadB8)")
    (add_net "Net-(J2-Pad10)")
    (add_net "Net-(J2-Pad11)")
    (add_net "Net-(J2-Pad3)")
    (add_net "Net-(R10-Pad2)")
    (add_net "Net-(R14-Pad1)")
    (add_net "Net-(R15-Pad1)")
    (add_net "Net-(R6-Pad1)")
  )

  (module Capacitor_SMD:C_0805_2012Metric (layer B.Cu) (tedit 5F68FEEE) (tstamp 627F234C)
    (at 84.328 99.822 180)
    (descr "Capacitor SMD 0805 (2012 Metric), square (rectangular) end terminal, IPC_7351 nominal, (Body size source: IPC-SM-782 page 76, https://www.pcb-3d.com/wordpress/wp-content/uploads/ipc-sm-782a_amendment_1_and_2.pdf, https://docs.google.com/spreadsheets/d/1BsfQQcO9C6DZCsRaXUlFlo91Tg2WpOkGARC1WS5S8t0/edit?usp=sharing), generated with kicad-footprint-generator")
    (tags capacitor)
    (path /61B64FE1)
    (attr smd)
    (fp_text reference C1 (at 0 1.68) (layer B.SilkS)
      (effects (font (size 1 1) (thickness 0.15)) (justify mirror))
    )
    (fp_text value 2.2uF (at 0 -1.68) (layer B.Fab)
      (effects (font (size 1 1) (thickness 0.15)) (justify mirror))
    )
    (fp_line (start -1 -0.625) (end -1 0.625) (layer B.Fab) (width 0.1))
    (fp_line (start -1 0.625) (end 1 0.625) (layer B.Fab) (width 0.1))
    (fp_line (start 1 0.625) (end 1 -0.625) (layer B.Fab) (width 0.1))
    (fp_line (start 1 -0.625) (end -1 -0.625) (layer B.Fab) (width 0.1))
    (fp_line (start -0.261252 0.735) (end 0.261252 0.735) (layer B.SilkS) (width 0.12))
    (fp_line (start -0.261252 -0.735) (end 0.261252 -0.735) (layer B.SilkS) (width 0.12))
    (fp_line (start -1.7 -0.98) (end -1.7 0.98) (layer B.CrtYd) (width 0.05))
    (fp_line (start -1.7 0.98) (end 1.7 0.98) (layer B.CrtYd) (width 0.05))
    (fp_line (start 1.7 0.98) (end 1.7 -0.98) (layer B.CrtYd) (width 0.05))
    (fp_line (start 1.7 -0.98) (end -1.7 -0.98) (layer B.CrtYd) (width 0.05))
    (fp_text user %R (at 0 0) (layer B.Fab)
      (effects (font (size 0.5 0.5) (thickness 0.08)) (justify mirror))
    )
    (pad 2 smd roundrect (at 0.95 0 180) (size 1 1.45) (layers B.Cu B.Paste B.Mask) (roundrect_rratio 0.25)
      (net 9 "Net-(C1-Pad2)"))
    (pad 1 smd roundrect (at -0.95 0 180) (size 1 1.45) (layers B.Cu B.Paste B.Mask) (roundrect_rratio 0.25)
      (net 8 /AUDIO_1_IN))
    (model ${KISYS3DMOD}/Capacitor_SMD.3dshapes/C_0805_2012Metric.wrl
      (at (xyz 0 0 0))
      (scale (xyz 1 1 1))
      (rotate (xyz 0 0 0))
    )
  )

  (module Capacitor_SMD:C_0805_2012Metric (layer B.Cu) (tedit 5F68FEEE) (tstamp 627F235D)
    (at 84.328 111.506 180)
    (descr "Capacitor SMD 0805 (2012 Metric), square (rectangular) end terminal, IPC_7351 nominal, (Body size source: IPC-SM-782 page 76, https://www.pcb-3d.com/wordpress/wp-content/uploads/ipc-sm-782a_amendment_1_and_2.pdf, https://docs.google.com/spreadsheets/d/1BsfQQcO9C6DZCsRaXUlFlo91Tg2WpOkGARC1WS5S8t0/edit?usp=sharing), generated with kicad-footprint-generator")
    (tags capacitor)
    (path /61B64956)
    (attr smd)
    (fp_text reference C2 (at -2.794 0) (layer B.SilkS)
      (effects (font (size 1 1) (thickness 0.15)) (justify mirror))
    )
    (fp_text value 2.2uF (at 0 -1.68) (layer B.Fab)
      (effects (font (size 1 1) (thickness 0.15)) (justify mirror))
    )
    (fp_line (start 1.7 -0.98) (end -1.7 -0.98) (layer B.CrtYd) (width 0.05))
    (fp_line (start 1.7 0.98) (end 1.7 -0.98) (layer B.CrtYd) (width 0.05))
    (fp_line (start -1.7 0.98) (end 1.7 0.98) (layer B.CrtYd) (width 0.05))
    (fp_line (start -1.7 -0.98) (end -1.7 0.98) (layer B.CrtYd) (width 0.05))
    (fp_line (start -0.261252 -0.735) (end 0.261252 -0.735) (layer B.SilkS) (width 0.12))
    (fp_line (start -0.261252 0.735) (end 0.261252 0.735) (layer B.SilkS) (width 0.12))
    (fp_line (start 1 -0.625) (end -1 -0.625) (layer B.Fab) (width 0.1))
    (fp_line (start 1 0.625) (end 1 -0.625) (layer B.Fab) (width 0.1))
    (fp_line (start -1 0.625) (end 1 0.625) (layer B.Fab) (width 0.1))
    (fp_line (start -1 -0.625) (end -1 0.625) (layer B.Fab) (width 0.1))
    (fp_text user %R (at 0 0) (layer B.Fab)
      (effects (font (size 0.5 0.5) (thickness 0.08)) (justify mirror))
    )
    (pad 1 smd roundrect (at -0.95 0 180) (size 1 1.45) (layers B.Cu B.Paste B.Mask) (roundrect_rratio 0.25)
      (net 10 /AUDIO_2_IN))
    (pad 2 smd roundrect (at 0.95 0 180) (size 1 1.45) (layers B.Cu B.Paste B.Mask) (roundrect_rratio 0.25)
      (net 2 "Net-(C2-Pad2)"))
    (model ${KISYS3DMOD}/Capacitor_SMD.3dshapes/C_0805_2012Metric.wrl
      (at (xyz 0 0 0))
      (scale (xyz 1 1 1))
      (rotate (xyz 0 0 0))
    )
  )

  (module Capacitor_SMD:C_0805_2012Metric (layer F.Cu) (tedit 5F68FEEE) (tstamp 627F236E)
    (at 87.757 127.127)
    (descr "Capacitor SMD 0805 (2012 Metric), square (rectangular) end terminal, IPC_7351 nominal, (Body size source: IPC-SM-782 page 76, https://www.pcb-3d.com/wordpress/wp-content/uploads/ipc-sm-782a_amendment_1_and_2.pdf, https://docs.google.com/spreadsheets/d/1BsfQQcO9C6DZCsRaXUlFlo91Tg2WpOkGARC1WS5S8t0/edit?usp=sharing), generated with kicad-footprint-generator")
    (tags capacitor)
    (path /5EA8E4AA)
    (attr smd)
    (fp_text reference C3 (at 0 -1.68) (layer F.SilkS)
      (effects (font (size 1 1) (thickness 0.15)))
    )
    (fp_text value 100nF (at 0 1.68) (layer F.Fab)
      (effects (font (size 1 1) (thickness 0.15)))
    )
    (fp_line (start -1 0.625) (end -1 -0.625) (layer F.Fab) (width 0.1))
    (fp_line (start -1 -0.625) (end 1 -0.625) (layer F.Fab) (width 0.1))
    (fp_line (start 1 -0.625) (end 1 0.625) (layer F.Fab) (width 0.1))
    (fp_line (start 1 0.625) (end -1 0.625) (layer F.Fab) (width 0.1))
    (fp_line (start -0.261252 -0.735) (end 0.261252 -0.735) (layer F.SilkS) (width 0.12))
    (fp_line (start -0.261252 0.735) (end 0.261252 0.735) (layer F.SilkS) (width 0.12))
    (fp_line (start -1.7 0.98) (end -1.7 -0.98) (layer F.CrtYd) (width 0.05))
    (fp_line (start -1.7 -0.98) (end 1.7 -0.98) (layer F.CrtYd) (width 0.05))
    (fp_line (start 1.7 -0.98) (end 1.7 0.98) (layer F.CrtYd) (width 0.05))
    (fp_line (start 1.7 0.98) (end -1.7 0.98) (layer F.CrtYd) (width 0.05))
    (fp_text user %R (at 0 0) (layer F.Fab)
      (effects (font (size 0.5 0.5) (thickness 0.08)))
    )
    (pad 2 smd roundrect (at 0.95 0) (size 1 1.45) (layers F.Cu F.Paste F.Mask) (roundrect_rratio 0.25)
      (net 12 /AUDIO_PASS_LOW))
    (pad 1 smd roundrect (at -0.95 0) (size 1 1.45) (layers F.Cu F.Paste F.Mask) (roundrect_rratio 0.25)
      (net 11 "Net-(C3-Pad1)"))
    (model ${KISYS3DMOD}/Capacitor_SMD.3dshapes/C_0805_2012Metric.wrl
      (at (xyz 0 0 0))
      (scale (xyz 1 1 1))
      (rotate (xyz 0 0 0))
    )
  )

  (module Capacitor_SMD:C_0805_2012Metric (layer F.Cu) (tedit 5F68FEEE) (tstamp 627F2A14)
    (at 80.264 119.888 270)
    (descr "Capacitor SMD 0805 (2012 Metric), square (rectangular) end terminal, IPC_7351 nominal, (Body size source: IPC-SM-782 page 76, https://www.pcb-3d.com/wordpress/wp-content/uploads/ipc-sm-782a_amendment_1_and_2.pdf, https://docs.google.com/spreadsheets/d/1BsfQQcO9C6DZCsRaXUlFlo91Tg2WpOkGARC1WS5S8t0/edit?usp=sharing), generated with kicad-footprint-generator")
    (tags capacitor)
    (path /62275082)
    (attr smd)
    (fp_text reference C4 (at 2.667 0 90) (layer F.SilkS)
      (effects (font (size 1 1) (thickness 0.15)))
    )
    (fp_text value 100pF (at 0 1.68 90) (layer F.Fab)
      (effects (font (size 1 1) (thickness 0.15)))
    )
    (fp_line (start -1 0.625) (end -1 -0.625) (layer F.Fab) (width 0.1))
    (fp_line (start -1 -0.625) (end 1 -0.625) (layer F.Fab) (width 0.1))
    (fp_line (start 1 -0.625) (end 1 0.625) (layer F.Fab) (width 0.1))
    (fp_line (start 1 0.625) (end -1 0.625) (layer F.Fab) (width 0.1))
    (fp_line (start -0.261252 -0.735) (end 0.261252 -0.735) (layer F.SilkS) (width 0.12))
    (fp_line (start -0.261252 0.735) (end 0.261252 0.735) (layer F.SilkS) (width 0.12))
    (fp_line (start -1.7 0.98) (end -1.7 -0.98) (layer F.CrtYd) (width 0.05))
    (fp_line (start -1.7 -0.98) (end 1.7 -0.98) (layer F.CrtYd) (width 0.05))
    (fp_line (start 1.7 -0.98) (end 1.7 0.98) (layer F.CrtYd) (width 0.05))
    (fp_line (start 1.7 0.98) (end -1.7 0.98) (layer F.CrtYd) (width 0.05))
    (fp_text user %R (at 0 0 90) (layer F.Fab)
      (effects (font (size 0.5 0.5) (thickness 0.08)))
    )
    (pad 2 smd roundrect (at 0.95 0 270) (size 1 1.45) (layers F.Cu F.Paste F.Mask) (roundrect_rratio 0.25)
      (net 4 "Net-(C4-Pad2)"))
    (pad 1 smd roundrect (at -0.95 0 270) (size 1 1.45) (layers F.Cu F.Paste F.Mask) (roundrect_rratio 0.25)
      (net 13 GNDA))
    (model ${KISYS3DMOD}/Capacitor_SMD.3dshapes/C_0805_2012Metric.wrl
      (at (xyz 0 0 0))
      (scale (xyz 1 1 1))
      (rotate (xyz 0 0 0))
    )
  )

  (module Capacitor_SMD:C_0805_2012Metric (layer F.Cu) (tedit 5F68FEEE) (tstamp 627F2390)
    (at 74.234 124.714)
    (descr "Capacitor SMD 0805 (2012 Metric), square (rectangular) end terminal, IPC_7351 nominal, (Body size source: IPC-SM-782 page 76, https://www.pcb-3d.com/wordpress/wp-content/uploads/ipc-sm-782a_amendment_1_and_2.pdf, https://docs.google.com/spreadsheets/d/1BsfQQcO9C6DZCsRaXUlFlo91Tg2WpOkGARC1WS5S8t0/edit?usp=sharing), generated with kicad-footprint-generator")
    (tags capacitor)
    (path /5EA9FA3F)
    (attr smd)
    (fp_text reference C5 (at 0 -1.68) (layer F.SilkS)
      (effects (font (size 1 1) (thickness 0.15)))
    )
    (fp_text value 100nF (at 0 1.68) (layer F.Fab)
      (effects (font (size 1 1) (thickness 0.15)))
    )
    (fp_line (start 1.7 0.98) (end -1.7 0.98) (layer F.CrtYd) (width 0.05))
    (fp_line (start 1.7 -0.98) (end 1.7 0.98) (layer F.CrtYd) (width 0.05))
    (fp_line (start -1.7 -0.98) (end 1.7 -0.98) (layer F.CrtYd) (width 0.05))
    (fp_line (start -1.7 0.98) (end -1.7 -0.98) (layer F.CrtYd) (width 0.05))
    (fp_line (start -0.261252 0.735) (end 0.261252 0.735) (layer F.SilkS) (width 0.12))
    (fp_line (start -0.261252 -0.735) (end 0.261252 -0.735) (layer F.SilkS) (width 0.12))
    (fp_line (start 1 0.625) (end -1 0.625) (layer F.Fab) (width 0.1))
    (fp_line (start 1 -0.625) (end 1 0.625) (layer F.Fab) (width 0.1))
    (fp_line (start -1 -0.625) (end 1 -0.625) (layer F.Fab) (width 0.1))
    (fp_line (start -1 0.625) (end -1 -0.625) (layer F.Fab) (width 0.1))
    (fp_text user %R (at 0 0) (layer F.Fab)
      (effects (font (size 0.5 0.5) (thickness 0.08)))
    )
    (pad 1 smd roundrect (at -0.95 0) (size 1 1.45) (layers F.Cu F.Paste F.Mask) (roundrect_rratio 0.25)
      (net 14 "Net-(C5-Pad1)"))
    (pad 2 smd roundrect (at 0.95 0) (size 1 1.45) (layers F.Cu F.Paste F.Mask) (roundrect_rratio 0.25)
      (net 5 "Net-(C5-Pad2)"))
    (model ${KISYS3DMOD}/Capacitor_SMD.3dshapes/C_0805_2012Metric.wrl
      (at (xyz 0 0 0))
      (scale (xyz 1 1 1))
      (rotate (xyz 0 0 0))
    )
  )

  (module Capacitor_SMD:C_0805_2012Metric (layer F.Cu) (tedit 5F68FEEE) (tstamp 627F23A1)
    (at 87.757 129.794)
    (descr "Capacitor SMD 0805 (2012 Metric), square (rectangular) end terminal, IPC_7351 nominal, (Body size source: IPC-SM-782 page 76, https://www.pcb-3d.com/wordpress/wp-content/uploads/ipc-sm-782a_amendment_1_and_2.pdf, https://docs.google.com/spreadsheets/d/1BsfQQcO9C6DZCsRaXUlFlo91Tg2WpOkGARC1WS5S8t0/edit?usp=sharing), generated with kicad-footprint-generator")
    (tags capacitor)
    (path /6227507C)
    (attr smd)
    (fp_text reference C6 (at 2.032 1.651) (layer F.SilkS)
      (effects (font (size 1 1) (thickness 0.15)))
    )
    (fp_text value 100pF (at 0 1.68) (layer F.Fab)
      (effects (font (size 1 1) (thickness 0.15)))
    )
    (fp_line (start -1 0.625) (end -1 -0.625) (layer F.Fab) (width 0.1))
    (fp_line (start -1 -0.625) (end 1 -0.625) (layer F.Fab) (width 0.1))
    (fp_line (start 1 -0.625) (end 1 0.625) (layer F.Fab) (width 0.1))
    (fp_line (start 1 0.625) (end -1 0.625) (layer F.Fab) (width 0.1))
    (fp_line (start -0.261252 -0.735) (end 0.261252 -0.735) (layer F.SilkS) (width 0.12))
    (fp_line (start -0.261252 0.735) (end 0.261252 0.735) (layer F.SilkS) (width 0.12))
    (fp_line (start -1.7 0.98) (end -1.7 -0.98) (layer F.CrtYd) (width 0.05))
    (fp_line (start -1.7 -0.98) (end 1.7 -0.98) (layer F.CrtYd) (width 0.05))
    (fp_line (start 1.7 -0.98) (end 1.7 0.98) (layer F.CrtYd) (width 0.05))
    (fp_line (start 1.7 0.98) (end -1.7 0.98) (layer F.CrtYd) (width 0.05))
    (fp_text user %R (at 0 0) (layer F.Fab)
      (effects (font (size 0.5 0.5) (thickness 0.08)))
    )
    (pad 2 smd roundrect (at 0.95 0) (size 1 1.45) (layers F.Cu F.Paste F.Mask) (roundrect_rratio 0.25)
      (net 15 "Net-(C6-Pad2)"))
    (pad 1 smd roundrect (at -0.95 0) (size 1 1.45) (layers F.Cu F.Paste F.Mask) (roundrect_rratio 0.25)
      (net 12 /AUDIO_PASS_LOW))
    (model ${KISYS3DMOD}/Capacitor_SMD.3dshapes/C_0805_2012Metric.wrl
      (at (xyz 0 0 0))
      (scale (xyz 1 1 1))
      (rotate (xyz 0 0 0))
    )
  )

  (module Capacitor_SMD:C_0805_2012Metric (layer F.Cu) (tedit 5F68FEEE) (tstamp 627F23B2)
    (at 69.088 141.605 90)
    (descr "Capacitor SMD 0805 (2012 Metric), square (rectangular) end terminal, IPC_7351 nominal, (Body size source: IPC-SM-782 page 76, https://www.pcb-3d.com/wordpress/wp-content/uploads/ipc-sm-782a_amendment_1_and_2.pdf, https://docs.google.com/spreadsheets/d/1BsfQQcO9C6DZCsRaXUlFlo91Tg2WpOkGARC1WS5S8t0/edit?usp=sharing), generated with kicad-footprint-generator")
    (tags capacitor)
    (path /5ED0143E)
    (attr smd)
    (fp_text reference C7 (at -0.762 -1.651 270) (layer F.SilkS)
      (effects (font (size 1 1) (thickness 0.15)))
    )
    (fp_text value 100nF (at 0 1.68 90) (layer F.Fab)
      (effects (font (size 1 1) (thickness 0.15)))
    )
    (fp_line (start -1 0.625) (end -1 -0.625) (layer F.Fab) (width 0.1))
    (fp_line (start -1 -0.625) (end 1 -0.625) (layer F.Fab) (width 0.1))
    (fp_line (start 1 -0.625) (end 1 0.625) (layer F.Fab) (width 0.1))
    (fp_line (start 1 0.625) (end -1 0.625) (layer F.Fab) (width 0.1))
    (fp_line (start -0.261252 -0.735) (end 0.261252 -0.735) (layer F.SilkS) (width 0.12))
    (fp_line (start -0.261252 0.735) (end 0.261252 0.735) (layer F.SilkS) (width 0.12))
    (fp_line (start -1.7 0.98) (end -1.7 -0.98) (layer F.CrtYd) (width 0.05))
    (fp_line (start -1.7 -0.98) (end 1.7 -0.98) (layer F.CrtYd) (width 0.05))
    (fp_line (start 1.7 -0.98) (end 1.7 0.98) (layer F.CrtYd) (width 0.05))
    (fp_line (start 1.7 0.98) (end -1.7 0.98) (layer F.CrtYd) (width 0.05))
    (fp_text user %R (at 0 0 90) (layer F.Fab)
      (effects (font (size 0.5 0.5) (thickness 0.08)))
    )
    (pad 2 smd roundrect (at 0.95 0 90) (size 1 1.45) (layers F.Cu F.Paste F.Mask) (roundrect_rratio 0.25)
      (net 13 GNDA))
    (pad 1 smd roundrect (at -0.95 0 90) (size 1 1.45) (layers F.Cu F.Paste F.Mask) (roundrect_rratio 0.25)
      (net 3 +5V))
    (model ${KISYS3DMOD}/Capacitor_SMD.3dshapes/C_0805_2012Metric.wrl
      (at (xyz 0 0 0))
      (scale (xyz 1 1 1))
      (rotate (xyz 0 0 0))
    )
  )

  (module Capacitor_SMD:C_0805_2012Metric (layer F.Cu) (tedit 5F68FEEE) (tstamp 627F23C3)
    (at 76.708 132.842 180)
    (descr "Capacitor SMD 0805 (2012 Metric), square (rectangular) end terminal, IPC_7351 nominal, (Body size source: IPC-SM-782 page 76, https://www.pcb-3d.com/wordpress/wp-content/uploads/ipc-sm-782a_amendment_1_and_2.pdf, https://docs.google.com/spreadsheets/d/1BsfQQcO9C6DZCsRaXUlFlo91Tg2WpOkGARC1WS5S8t0/edit?usp=sharing), generated with kicad-footprint-generator")
    (tags capacitor)
    (path /627FF314)
    (attr smd)
    (fp_text reference C8 (at 1.524 1.651 180) (layer F.SilkS)
      (effects (font (size 1 1) (thickness 0.15)))
    )
    (fp_text value 100nF (at 0 1.68) (layer F.Fab)
      (effects (font (size 1 1) (thickness 0.15)))
    )
    (fp_line (start -1 0.625) (end -1 -0.625) (layer F.Fab) (width 0.1))
    (fp_line (start -1 -0.625) (end 1 -0.625) (layer F.Fab) (width 0.1))
    (fp_line (start 1 -0.625) (end 1 0.625) (layer F.Fab) (width 0.1))
    (fp_line (start 1 0.625) (end -1 0.625) (layer F.Fab) (width 0.1))
    (fp_line (start -0.261252 -0.735) (end 0.261252 -0.735) (layer F.SilkS) (width 0.12))
    (fp_line (start -0.261252 0.735) (end 0.261252 0.735) (layer F.SilkS) (width 0.12))
    (fp_line (start -1.7 0.98) (end -1.7 -0.98) (layer F.CrtYd) (width 0.05))
    (fp_line (start -1.7 -0.98) (end 1.7 -0.98) (layer F.CrtYd) (width 0.05))
    (fp_line (start 1.7 -0.98) (end 1.7 0.98) (layer F.CrtYd) (width 0.05))
    (fp_line (start 1.7 0.98) (end -1.7 0.98) (layer F.CrtYd) (width 0.05))
    (fp_text user %R (at 0 0) (layer F.Fab)
      (effects (font (size 0.5 0.5) (thickness 0.08)))
    )
    (pad 2 smd roundrect (at 0.95 0 180) (size 1 1.45) (layers F.Cu F.Paste F.Mask) (roundrect_rratio 0.25)
      (net 14 "Net-(C5-Pad1)"))
    (pad 1 smd roundrect (at -0.95 0 180) (size 1 1.45) (layers F.Cu F.Paste F.Mask) (roundrect_rratio 0.25)
      (net 16 "Net-(C8-Pad1)"))
    (model ${KISYS3DMOD}/Capacitor_SMD.3dshapes/C_0805_2012Metric.wrl
      (at (xyz 0 0 0))
      (scale (xyz 1 1 1))
      (rotate (xyz 0 0 0))
    )
  )

  (module Capacitor_SMD:C_0805_2012Metric (layer F.Cu) (tedit 5F68FEEE) (tstamp 627F23D4)
    (at 82.296 133.604 90)
    (descr "Capacitor SMD 0805 (2012 Metric), square (rectangular) end terminal, IPC_7351 nominal, (Body size source: IPC-SM-782 page 76, https://www.pcb-3d.com/wordpress/wp-content/uploads/ipc-sm-782a_amendment_1_and_2.pdf, https://docs.google.com/spreadsheets/d/1BsfQQcO9C6DZCsRaXUlFlo91Tg2WpOkGARC1WS5S8t0/edit?usp=sharing), generated with kicad-footprint-generator")
    (tags capacitor)
    (path /6236036F)
    (attr smd)
    (fp_text reference C9 (at -2.667 0.508 90) (layer F.SilkS)
      (effects (font (size 1 1) (thickness 0.15)))
    )
    (fp_text value 100pF (at 0 1.68 90) (layer F.Fab)
      (effects (font (size 1 1) (thickness 0.15)))
    )
    (fp_line (start 1.7 0.98) (end -1.7 0.98) (layer F.CrtYd) (width 0.05))
    (fp_line (start 1.7 -0.98) (end 1.7 0.98) (layer F.CrtYd) (width 0.05))
    (fp_line (start -1.7 -0.98) (end 1.7 -0.98) (layer F.CrtYd) (width 0.05))
    (fp_line (start -1.7 0.98) (end -1.7 -0.98) (layer F.CrtYd) (width 0.05))
    (fp_line (start -0.261252 0.735) (end 0.261252 0.735) (layer F.SilkS) (width 0.12))
    (fp_line (start -0.261252 -0.735) (end 0.261252 -0.735) (layer F.SilkS) (width 0.12))
    (fp_line (start 1 0.625) (end -1 0.625) (layer F.Fab) (width 0.1))
    (fp_line (start 1 -0.625) (end 1 0.625) (layer F.Fab) (width 0.1))
    (fp_line (start -1 -0.625) (end 1 -0.625) (layer F.Fab) (width 0.1))
    (fp_line (start -1 0.625) (end -1 -0.625) (layer F.Fab) (width 0.1))
    (fp_text user %R (at 0 0 90) (layer F.Fab)
      (effects (font (size 0.5 0.5) (thickness 0.08)))
    )
    (pad 1 smd roundrect (at -0.95 0 90) (size 1 1.45) (layers F.Cu F.Paste F.Mask) (roundrect_rratio 0.25)
      (net 13 GNDA))
    (pad 2 smd roundrect (at 0.95 0 90) (size 1 1.45) (layers F.Cu F.Paste F.Mask) (roundrect_rratio 0.25)
      (net 17 "Net-(C9-Pad2)"))
    (model ${KISYS3DMOD}/Capacitor_SMD.3dshapes/C_0805_2012Metric.wrl
      (at (xyz 0 0 0))
      (scale (xyz 1 1 1))
      (rotate (xyz 0 0 0))
    )
  )

  (module Capacitor_SMD:C_0805_2012Metric (layer B.Cu) (tedit 5F68FEEE) (tstamp 627F5A6C)
    (at 70.78214 134.21868 180)
    (descr "Capacitor SMD 0805 (2012 Metric), square (rectangular) end terminal, IPC_7351 nominal, (Body size source: IPC-SM-782 page 76, https://www.pcb-3d.com/wordpress/wp-content/uploads/ipc-sm-782a_amendment_1_and_2.pdf, https://docs.google.com/spreadsheets/d/1BsfQQcO9C6DZCsRaXUlFlo91Tg2WpOkGARC1WS5S8t0/edit?usp=sharing), generated with kicad-footprint-generator")
    (tags capacitor)
    (path /5ED0145B)
    (attr smd)
    (fp_text reference C11 (at -0.84586 -1.67132) (layer B.SilkS)
      (effects (font (size 1 1) (thickness 0.15)) (justify mirror))
    )
    (fp_text value 100nF (at 0 -1.68) (layer B.Fab)
      (effects (font (size 1 1) (thickness 0.15)) (justify mirror))
    )
    (fp_line (start -1 -0.625) (end -1 0.625) (layer B.Fab) (width 0.1))
    (fp_line (start -1 0.625) (end 1 0.625) (layer B.Fab) (width 0.1))
    (fp_line (start 1 0.625) (end 1 -0.625) (layer B.Fab) (width 0.1))
    (fp_line (start 1 -0.625) (end -1 -0.625) (layer B.Fab) (width 0.1))
    (fp_line (start -0.261252 0.735) (end 0.261252 0.735) (layer B.SilkS) (width 0.12))
    (fp_line (start -0.261252 -0.735) (end 0.261252 -0.735) (layer B.SilkS) (width 0.12))
    (fp_line (start -1.7 -0.98) (end -1.7 0.98) (layer B.CrtYd) (width 0.05))
    (fp_line (start -1.7 0.98) (end 1.7 0.98) (layer B.CrtYd) (width 0.05))
    (fp_line (start 1.7 0.98) (end 1.7 -0.98) (layer B.CrtYd) (width 0.05))
    (fp_line (start 1.7 -0.98) (end -1.7 -0.98) (layer B.CrtYd) (width 0.05))
    (fp_text user %R (at 0 0) (layer B.Fab)
      (effects (font (size 0.5 0.5) (thickness 0.08)) (justify mirror))
    )
    (pad 2 smd roundrect (at 0.95 0 180) (size 1 1.45) (layers B.Cu B.Paste B.Mask) (roundrect_rratio 0.25)
      (net 6 -5V))
    (pad 1 smd roundrect (at -0.95 0 180) (size 1 1.45) (layers B.Cu B.Paste B.Mask) (roundrect_rratio 0.25)
      (net 13 GNDA))
    (model ${KISYS3DMOD}/Capacitor_SMD.3dshapes/C_0805_2012Metric.wrl
      (at (xyz 0 0 0))
      (scale (xyz 1 1 1))
      (rotate (xyz 0 0 0))
    )
  )

  (module Capacitor_SMD:C_0805_2012Metric (layer B.Cu) (tedit 5F68FEEE) (tstamp 627F2446)
    (at 90.932 104.902)
    (descr "Capacitor SMD 0805 (2012 Metric), square (rectangular) end terminal, IPC_7351 nominal, (Body size source: IPC-SM-782 page 76, https://www.pcb-3d.com/wordpress/wp-content/uploads/ipc-sm-782a_amendment_1_and_2.pdf, https://docs.google.com/spreadsheets/d/1BsfQQcO9C6DZCsRaXUlFlo91Tg2WpOkGARC1WS5S8t0/edit?usp=sharing), generated with kicad-footprint-generator")
    (tags capacitor)
    (path /62CD875A)
    (attr smd)
    (fp_text reference C13 (at 0 -1.905) (layer B.SilkS)
      (effects (font (size 1 1) (thickness 0.15)) (justify mirror))
    )
    (fp_text value 100nF (at 0 -1.68) (layer B.Fab)
      (effects (font (size 1 1) (thickness 0.15)) (justify mirror))
    )
    (fp_line (start 1.7 -0.98) (end -1.7 -0.98) (layer B.CrtYd) (width 0.05))
    (fp_line (start 1.7 0.98) (end 1.7 -0.98) (layer B.CrtYd) (width 0.05))
    (fp_line (start -1.7 0.98) (end 1.7 0.98) (layer B.CrtYd) (width 0.05))
    (fp_line (start -1.7 -0.98) (end -1.7 0.98) (layer B.CrtYd) (width 0.05))
    (fp_line (start -0.261252 -0.735) (end 0.261252 -0.735) (layer B.SilkS) (width 0.12))
    (fp_line (start -0.261252 0.735) (end 0.261252 0.735) (layer B.SilkS) (width 0.12))
    (fp_line (start 1 -0.625) (end -1 -0.625) (layer B.Fab) (width 0.1))
    (fp_line (start 1 0.625) (end 1 -0.625) (layer B.Fab) (width 0.1))
    (fp_line (start -1 0.625) (end 1 0.625) (layer B.Fab) (width 0.1))
    (fp_line (start -1 -0.625) (end -1 0.625) (layer B.Fab) (width 0.1))
    (fp_text user %R (at 0 0) (layer B.Fab)
      (effects (font (size 0.5 0.5) (thickness 0.08)) (justify mirror))
    )
    (pad 1 smd roundrect (at -0.95 0) (size 1 1.45) (layers B.Cu B.Paste B.Mask) (roundrect_rratio 0.25)
      (net 3 +5V))
    (pad 2 smd roundrect (at 0.95 0) (size 1 1.45) (layers B.Cu B.Paste B.Mask) (roundrect_rratio 0.25)
      (net 13 GNDA))
    (model ${KISYS3DMOD}/Capacitor_SMD.3dshapes/C_0805_2012Metric.wrl
      (at (xyz 0 0 0))
      (scale (xyz 1 1 1))
      (rotate (xyz 0 0 0))
    )
  )

  (module Capacitor_SMD:C_0805_2012Metric (layer F.Cu) (tedit 5F68FEEE) (tstamp 627F2457)
    (at 78.232 118.872 90)
    (descr "Capacitor SMD 0805 (2012 Metric), square (rectangular) end terminal, IPC_7351 nominal, (Body size source: IPC-SM-782 page 76, https://www.pcb-3d.com/wordpress/wp-content/uploads/ipc-sm-782a_amendment_1_and_2.pdf, https://docs.google.com/spreadsheets/d/1BsfQQcO9C6DZCsRaXUlFlo91Tg2WpOkGARC1WS5S8t0/edit?usp=sharing), generated with kicad-footprint-generator")
    (tags capacitor)
    (path /5EAE2556)
    (attr smd)
    (fp_text reference C14 (at 2.286 0 180) (layer F.SilkS)
      (effects (font (size 1 1) (thickness 0.15)))
    )
    (fp_text value 100nF (at 0 1.68 90) (layer F.Fab)
      (effects (font (size 1 1) (thickness 0.15)))
    )
    (fp_line (start -1 0.625) (end -1 -0.625) (layer F.Fab) (width 0.1))
    (fp_line (start -1 -0.625) (end 1 -0.625) (layer F.Fab) (width 0.1))
    (fp_line (start 1 -0.625) (end 1 0.625) (layer F.Fab) (width 0.1))
    (fp_line (start 1 0.625) (end -1 0.625) (layer F.Fab) (width 0.1))
    (fp_line (start -0.261252 -0.735) (end 0.261252 -0.735) (layer F.SilkS) (width 0.12))
    (fp_line (start -0.261252 0.735) (end 0.261252 0.735) (layer F.SilkS) (width 0.12))
    (fp_line (start -1.7 0.98) (end -1.7 -0.98) (layer F.CrtYd) (width 0.05))
    (fp_line (start -1.7 -0.98) (end 1.7 -0.98) (layer F.CrtYd) (width 0.05))
    (fp_line (start 1.7 -0.98) (end 1.7 0.98) (layer F.CrtYd) (width 0.05))
    (fp_line (start 1.7 0.98) (end -1.7 0.98) (layer F.CrtYd) (width 0.05))
    (fp_text user %R (at 0 0 90) (layer F.Fab)
      (effects (font (size 0.5 0.5) (thickness 0.08)))
    )
    (pad 2 smd roundrect (at 0.95 0 90) (size 1 1.45) (layers F.Cu F.Paste F.Mask) (roundrect_rratio 0.25)
      (net 13 GNDA))
    (pad 1 smd roundrect (at -0.95 0 90) (size 1 1.45) (layers F.Cu F.Paste F.Mask) (roundrect_rratio 0.25)
      (net 3 +5V))
    (model ${KISYS3DMOD}/Capacitor_SMD.3dshapes/C_0805_2012Metric.wrl
      (at (xyz 0 0 0))
      (scale (xyz 1 1 1))
      (rotate (xyz 0 0 0))
    )
  )

  (module Capacitor_SMD:C_0805_2012Metric (layer F.Cu) (tedit 5F68FEEE) (tstamp 627F24B8)
    (at 97.536 134.874 180)
    (descr "Capacitor SMD 0805 (2012 Metric), square (rectangular) end terminal, IPC_7351 nominal, (Body size source: IPC-SM-782 page 76, https://www.pcb-3d.com/wordpress/wp-content/uploads/ipc-sm-782a_amendment_1_and_2.pdf, https://docs.google.com/spreadsheets/d/1BsfQQcO9C6DZCsRaXUlFlo91Tg2WpOkGARC1WS5S8t0/edit?usp=sharing), generated with kicad-footprint-generator")
    (tags capacitor)
    (path /62CE4415)
    (attr smd)
    (fp_text reference C17 (at 0 1.778) (layer F.SilkS)
      (effects (font (size 1 1) (thickness 0.15)))
    )
    (fp_text value 100nF (at 0 1.68) (layer F.Fab)
      (effects (font (size 1 1) (thickness 0.15)))
    )
    (fp_line (start 1.7 0.98) (end -1.7 0.98) (layer F.CrtYd) (width 0.05))
    (fp_line (start 1.7 -0.98) (end 1.7 0.98) (layer F.CrtYd) (width 0.05))
    (fp_line (start -1.7 -0.98) (end 1.7 -0.98) (layer F.CrtYd) (width 0.05))
    (fp_line (start -1.7 0.98) (end -1.7 -0.98) (layer F.CrtYd) (width 0.05))
    (fp_line (start -0.261252 0.735) (end 0.261252 0.735) (layer F.SilkS) (width 0.12))
    (fp_line (start -0.261252 -0.735) (end 0.261252 -0.735) (layer F.SilkS) (width 0.12))
    (fp_line (start 1 0.625) (end -1 0.625) (layer F.Fab) (width 0.1))
    (fp_line (start 1 -0.625) (end 1 0.625) (layer F.Fab) (width 0.1))
    (fp_line (start -1 -0.625) (end 1 -0.625) (layer F.Fab) (width 0.1))
    (fp_line (start -1 0.625) (end -1 -0.625) (layer F.Fab) (width 0.1))
    (fp_text user %R (at 0 0) (layer F.Fab)
      (effects (font (size 0.5 0.5) (thickness 0.08)))
    )
    (pad 1 smd roundrect (at -0.95 0 180) (size 1 1.45) (layers F.Cu F.Paste F.Mask) (roundrect_rratio 0.25)
      (net 3 +5V))
    (pad 2 smd roundrect (at 0.95 0 180) (size 1 1.45) (layers F.Cu F.Paste F.Mask) (roundrect_rratio 0.25)
      (net 13 GNDA))
    (model ${KISYS3DMOD}/Capacitor_SMD.3dshapes/C_0805_2012Metric.wrl
      (at (xyz 0 0 0))
      (scale (xyz 1 1 1))
      (rotate (xyz 0 0 0))
    )
  )

  (module Capacitor_SMD:C_0805_2012Metric (layer B.Cu) (tedit 5F68FEEE) (tstamp 627F24C9)
    (at 92.964 107.696 90)
    (descr "Capacitor SMD 0805 (2012 Metric), square (rectangular) end terminal, IPC_7351 nominal, (Body size source: IPC-SM-782 page 76, https://www.pcb-3d.com/wordpress/wp-content/uploads/ipc-sm-782a_amendment_1_and_2.pdf, https://docs.google.com/spreadsheets/d/1BsfQQcO9C6DZCsRaXUlFlo91Tg2WpOkGARC1WS5S8t0/edit?usp=sharing), generated with kicad-footprint-generator")
    (tags capacitor)
    (path /5EAE2573)
    (attr smd)
    (fp_text reference C18 (at 0 -2.413 90) (layer B.SilkS)
      (effects (font (size 1 1) (thickness 0.15)) (justify mirror))
    )
    (fp_text value 100nF (at 0 -1.68 90) (layer B.Fab)
      (effects (font (size 1 1) (thickness 0.15)) (justify mirror))
    )
    (fp_line (start 1.7 -0.98) (end -1.7 -0.98) (layer B.CrtYd) (width 0.05))
    (fp_line (start 1.7 0.98) (end 1.7 -0.98) (layer B.CrtYd) (width 0.05))
    (fp_line (start -1.7 0.98) (end 1.7 0.98) (layer B.CrtYd) (width 0.05))
    (fp_line (start -1.7 -0.98) (end -1.7 0.98) (layer B.CrtYd) (width 0.05))
    (fp_line (start -0.261252 -0.735) (end 0.261252 -0.735) (layer B.SilkS) (width 0.12))
    (fp_line (start -0.261252 0.735) (end 0.261252 0.735) (layer B.SilkS) (width 0.12))
    (fp_line (start 1 -0.625) (end -1 -0.625) (layer B.Fab) (width 0.1))
    (fp_line (start 1 0.625) (end 1 -0.625) (layer B.Fab) (width 0.1))
    (fp_line (start -1 0.625) (end 1 0.625) (layer B.Fab) (width 0.1))
    (fp_line (start -1 -0.625) (end -1 0.625) (layer B.Fab) (width 0.1))
    (fp_text user %R (at 0 0 90) (layer B.Fab)
      (effects (font (size 0.5 0.5) (thickness 0.08)) (justify mirror))
    )
    (pad 1 smd roundrect (at -0.95 0 90) (size 1 1.45) (layers B.Cu B.Paste B.Mask) (roundrect_rratio 0.25)
      (net 13 GNDA))
    (pad 2 smd roundrect (at 0.95 0 90) (size 1 1.45) (layers B.Cu B.Paste B.Mask) (roundrect_rratio 0.25)
      (net 6 -5V))
    (model ${KISYS3DMOD}/Capacitor_SMD.3dshapes/C_0805_2012Metric.wrl
      (at (xyz 0 0 0))
      (scale (xyz 1 1 1))
      (rotate (xyz 0 0 0))
    )
  )

  (module Capacitor_SMD:C_0805_2012Metric (layer F.Cu) (tedit 5F68FEEE) (tstamp 627F24DA)
    (at 80.01 133.604 90)
    (descr "Capacitor SMD 0805 (2012 Metric), square (rectangular) end terminal, IPC_7351 nominal, (Body size source: IPC-SM-782 page 76, https://www.pcb-3d.com/wordpress/wp-content/uploads/ipc-sm-782a_amendment_1_and_2.pdf, https://docs.google.com/spreadsheets/d/1BsfQQcO9C6DZCsRaXUlFlo91Tg2WpOkGARC1WS5S8t0/edit?usp=sharing), generated with kicad-footprint-generator")
    (tags capacitor)
    (path /62D5CB3B)
    (attr smd)
    (fp_text reference C19 (at -3.175 0.635 90) (layer F.SilkS)
      (effects (font (size 1 1) (thickness 0.15)))
    )
    (fp_text value 100nF (at 0 1.68 90) (layer F.Fab)
      (effects (font (size 1 1) (thickness 0.15)))
    )
    (fp_line (start 1.7 0.98) (end -1.7 0.98) (layer F.CrtYd) (width 0.05))
    (fp_line (start 1.7 -0.98) (end 1.7 0.98) (layer F.CrtYd) (width 0.05))
    (fp_line (start -1.7 -0.98) (end 1.7 -0.98) (layer F.CrtYd) (width 0.05))
    (fp_line (start -1.7 0.98) (end -1.7 -0.98) (layer F.CrtYd) (width 0.05))
    (fp_line (start -0.261252 0.735) (end 0.261252 0.735) (layer F.SilkS) (width 0.12))
    (fp_line (start -0.261252 -0.735) (end 0.261252 -0.735) (layer F.SilkS) (width 0.12))
    (fp_line (start 1 0.625) (end -1 0.625) (layer F.Fab) (width 0.1))
    (fp_line (start 1 -0.625) (end 1 0.625) (layer F.Fab) (width 0.1))
    (fp_line (start -1 -0.625) (end 1 -0.625) (layer F.Fab) (width 0.1))
    (fp_line (start -1 0.625) (end -1 -0.625) (layer F.Fab) (width 0.1))
    (fp_text user %R (at 0 0 90) (layer F.Fab)
      (effects (font (size 0.5 0.5) (thickness 0.08)))
    )
    (pad 1 smd roundrect (at -0.95 0 90) (size 1 1.45) (layers F.Cu F.Paste F.Mask) (roundrect_rratio 0.25)
      (net 13 GNDA))
    (pad 2 smd roundrect (at 0.95 0 90) (size 1 1.45) (layers F.Cu F.Paste F.Mask) (roundrect_rratio 0.25)
      (net 6 -5V))
    (model ${KISYS3DMOD}/Capacitor_SMD.3dshapes/C_0805_2012Metric.wrl
      (at (xyz 0 0 0))
      (scale (xyz 1 1 1))
      (rotate (xyz 0 0 0))
    )
  )

  (module Capacitor_SMD:C_0805_2012Metric (layer F.Cu) (tedit 5F68FEEE) (tstamp 627F24EB)
    (at 94.234 136.398 270)
    (descr "Capacitor SMD 0805 (2012 Metric), square (rectangular) end terminal, IPC_7351 nominal, (Body size source: IPC-SM-782 page 76, https://www.pcb-3d.com/wordpress/wp-content/uploads/ipc-sm-782a_amendment_1_and_2.pdf, https://docs.google.com/spreadsheets/d/1BsfQQcO9C6DZCsRaXUlFlo91Tg2WpOkGARC1WS5S8t0/edit?usp=sharing), generated with kicad-footprint-generator")
    (tags capacitor)
    (path /62D68BF2)
    (attr smd)
    (fp_text reference C20 (at 0 1.778 90) (layer F.SilkS)
      (effects (font (size 1 1) (thickness 0.15)))
    )
    (fp_text value 100nF (at 0 1.68 90) (layer F.Fab)
      (effects (font (size 1 1) (thickness 0.15)))
    )
    (fp_line (start 1.7 0.98) (end -1.7 0.98) (layer F.CrtYd) (width 0.05))
    (fp_line (start 1.7 -0.98) (end 1.7 0.98) (layer F.CrtYd) (width 0.05))
    (fp_line (start -1.7 -0.98) (end 1.7 -0.98) (layer F.CrtYd) (width 0.05))
    (fp_line (start -1.7 0.98) (end -1.7 -0.98) (layer F.CrtYd) (width 0.05))
    (fp_line (start -0.261252 0.735) (end 0.261252 0.735) (layer F.SilkS) (width 0.12))
    (fp_line (start -0.261252 -0.735) (end 0.261252 -0.735) (layer F.SilkS) (width 0.12))
    (fp_line (start 1 0.625) (end -1 0.625) (layer F.Fab) (width 0.1))
    (fp_line (start 1 -0.625) (end 1 0.625) (layer F.Fab) (width 0.1))
    (fp_line (start -1 -0.625) (end 1 -0.625) (layer F.Fab) (width 0.1))
    (fp_line (start -1 0.625) (end -1 -0.625) (layer F.Fab) (width 0.1))
    (fp_text user %R (at 0 0 90) (layer F.Fab)
      (effects (font (size 0.5 0.5) (thickness 0.08)))
    )
    (pad 1 smd roundrect (at -0.95 0 270) (size 1 1.45) (layers F.Cu F.Paste F.Mask) (roundrect_rratio 0.25)
      (net 13 GNDA))
    (pad 2 smd roundrect (at 0.95 0 270) (size 1 1.45) (layers F.Cu F.Paste F.Mask) (roundrect_rratio 0.25)
      (net 6 -5V))
    (model ${KISYS3DMOD}/Capacitor_SMD.3dshapes/C_0805_2012Metric.wrl
      (at (xyz 0 0 0))
      (scale (xyz 1 1 1))
      (rotate (xyz 0 0 0))
    )
  )

  (module Connector_USB:USB_C_Receptacle_GCT_USB4085 (layer F.Cu) (tedit 5BCCCD93) (tstamp 627F2514)
    (at 66.04 144.78)
    (descr "USB 2.0 Type C Receptacle, https://gct.co/Files/Drawings/USB4085.pdf")
    (tags "USB Type-C Receptacle Through-hole Right angle")
    (path /62617E06)
    (fp_text reference J1 (at -3.302 2.667) (layer F.SilkS)
      (effects (font (size 1 1) (thickness 0.15)))
    )
    (fp_text value USB4085-GF-A (at 2.975 9.925) (layer F.Fab)
      (effects (font (size 1 1) (thickness 0.15)))
    )
    (fp_line (start -0.025 6.1) (end 5.975 6.1) (layer F.Fab) (width 0.1))
    (fp_line (start 8.25 -1.06) (end 8.25 9.11) (layer F.CrtYd) (width 0.05))
    (fp_line (start -2.3 -1.06) (end 8.25 -1.06) (layer F.CrtYd) (width 0.05))
    (fp_line (start -2.3 9.11) (end 8.25 9.11) (layer F.CrtYd) (width 0.05))
    (fp_line (start -2.3 -1.06) (end -2.3 9.11) (layer F.CrtYd) (width 0.05))
    (fp_line (start -1.62 2.4) (end -1.62 3.3) (layer F.SilkS) (width 0.12))
    (fp_line (start 7.57 2.4) (end 7.57 3.3) (layer F.SilkS) (width 0.12))
    (fp_line (start -1.62 6) (end -1.62 8.73) (layer F.SilkS) (width 0.12))
    (fp_line (start 7.57 6) (end 7.57 8.73) (layer F.SilkS) (width 0.12))
    (fp_line (start 7.45 -0.56) (end 7.45 8.61) (layer F.Fab) (width 0.1))
    (fp_line (start -1.5 -0.56) (end -1.5 8.61) (layer F.Fab) (width 0.1))
    (fp_line (start -1.5 -0.68) (end 7.45 -0.68) (layer F.SilkS) (width 0.12))
    (fp_line (start -1.62 8.73) (end 7.57 8.73) (layer F.SilkS) (width 0.12))
    (fp_line (start -1.5 8.61) (end 7.45 8.61) (layer F.Fab) (width 0.1))
    (fp_line (start -1.5 -0.56) (end 7.45 -0.56) (layer F.Fab) (width 0.1))
    (fp_text user "PCB Edge" (at 2.975 6.1) (layer Dwgs.User)
      (effects (font (size 0.5 0.5) (thickness 0.1)))
    )
    (fp_text user %R (at 2.975 4.025) (layer F.Fab)
      (effects (font (size 1 1) (thickness 0.15)))
    )
    (pad A1 thru_hole circle (at 0 0) (size 0.7 0.7) (drill 0.4) (layers *.Cu *.Mask)
      (net 1 GND))
